id		inheritance		total energy	Obj_0

4	random		-69.986605	-38.896605
2	random		-69.482325	-38.392325
6	random		-75.136404	-43.236404
7	random		-77.983646	-45.273646
8	random		-73.852937	-44.542937
9	random		-65.529667	-37.839667
10	random		-60.153878	-33.273878
11	random		-60.256660	-33.376660
5	random		-72.333552	-40.433552
12	random		-63.854659	-32.764659
3	random		-61.240392	-34.360392
13	random		-69.544698	-38.454698
15	random		-69.805701	-41.305701
14	random		-64.590330	-36.900330
16	[7, 8]		-78.437638	-45.727638
17	[7, 6]		-69.417560	-40.917560
18	[13, 2]		-79.082525	-46.372525
19	[13, 5]		-65.953815	-34.053815
21	[16, 15]		-74.868544	-42.968544
20	[2, 13]		-65.553509	-34.463509
23	[18, 7]		-76.019868	-43.309868
22	[16, 9]		-67.515527	-39.015527
24	[14]		-51.534840	-23.844840
25	[2]		-68.675038	-37.585038
27	[17]		-68.281715	-39.781715
29	[5, 23]		-68.639167	-40.139167
28	[18, 16]		-77.518523	-44.808523
30	[16, 23]		-76.900004	-44.190004
32	[14]		-63.293836	-35.603836
33	[8, 16]		-79.100062	-46.390062
35	[14, 22]		-68.803659	-39.493659
34	[14, 16]		-64.124335	-35.624335
36	[22]		-60.159326	-31.659326
37	[29, 2]		-69.402673	-40.902673
38	[27, 18]		-75.931347	-43.221347
39	[6, 27]		-73.018404	-40.308404
40	[17, 33]		-77.156003	-44.446003
41	[33]		-78.562253	-45.852253
43	[17, 30]		-72.072762	-42.762762
42	[6, 13]		-73.198288	-41.298288
45	[37, 33]		-74.064666	-44.754666
44	[7, 30]		-73.416821	-41.516821
46	[17, 23]		-63.888820	-34.578820
47	[21, 27]		-73.440154	-41.540154
48	[23, 38]		-72.732943	-40.022943
50	[16]		-78.512629	-45.802629
49	[38]		-74.880051	-42.170051
52	[14]		-64.895021	-37.205021
51	[42, 18]		-72.198989	-42.888989
53	[44, 16]		-72.754026	-40.854026
54	[40, 50]		-71.933858	-42.623858
56	[49]		-78.060636	-45.350636
55	[41]		-79.173276	-46.463276
58	[44, 40]		-74.275189	-42.375189
57	[49, 18]		-77.817411	-45.107411
60	[21, 30]		-77.820267	-45.110267
59	[40, 27]		-61.619171	-33.929171
61	[16, 45]		-69.242814	-40.742814
62	[50, 51]		-68.218520	-38.908520
63	[16, 21]		-75.110521	-43.210521
64	[45, 8]		-73.210766	-43.900766
65	[41, 33]		-80.056452	-47.346452
66	[8, 29]		-72.334213	-43.024213
67	[54, 37]		-71.612758	-42.302758
69	[33, 23]		-76.167466	-43.457466
68	[54]		-72.700572	-43.390572
71	[64, 43]		-69.379644	-40.069644
70	[65, 45]		-77.281250	-44.571250
72	[56, 7]		-74.651892	-42.751892
73	[27, 44]		-68.110817	-38.800817
74	[55, 16]		-74.795879	-42.085879
75	[28, 16]		-74.128171	-41.418171
76	[54, 65]		-74.273798	-42.373798
78	[45, 60]		-67.708208	-38.398208
77	[65, 50]		-77.042285	-44.332285
80	[63, 16]		-71.937381	-40.037381
79	[51, 38]		-65.626583	-37.936583
81	[16, 27]		-72.605656	-40.705656
83	[55, 21]		-73.766885	-41.866885
85	[70]		-78.580511	-45.870511
82	[67, 64]		-70.424832	-41.114832
86	[16, 18]		-75.615711	-42.905711
84	[41, 28]		-79.660242	-46.950242
87	[55]		-78.467689	-45.757689
89	[50]		-77.217904	-44.507904
90	[68, 65]		-79.004253	-46.294253
92	[84, 53]		-74.860713	-42.960713
91	[85, 38]		-73.776920	-41.066920
94	[65, 45]		-73.807248	-44.497248
93	[68, 87]		-74.403785	-45.093785
96	[84]		-77.669473	-44.959473
95	[55, 85]		-75.471080	-42.761080
98	[28, 85]		-67.576614	-39.076614
97	[65]		-79.130481	-46.420481
99	[65, 89]		-73.754331	-44.444331
100	[63, 84]		-76.573151	-43.863151
101	[94, 30]		-77.245047	-44.535047
103	[41]		-78.579170	-45.869170
102	[45, 92]		-70.869476	-39.779476
104	[18, 84]		-69.479774	-38.389774
105	[18, 85]		-79.099838	-46.389838
106	[97, 91]		-78.298338	-45.588338
107	[55, 97]		-70.891757	-39.801757
108	[33]		-78.008545	-45.298545
109	[30, 103]		-76.125254	-43.415254
110	[87, 84]		-78.923078	-46.213078
111	[105, 65]		-75.833906	-43.933906
113	[50, 65]		-75.133380	-43.233380
112	[33]		-78.211590	-45.501590
114	[77, 50]		-73.732466	-41.832466
115	[103, 23]		-79.911944	-47.201944
116	[50, 65]		-79.380680	-46.670680
117	[65]		-74.900603	-42.190603
118	[85, 47]		-76.645591	-43.935591
119	[55]		-77.152828	-44.442828
121	[116, 93]		-76.409770	-43.699770
120	[101]		-73.232013	-40.522013
123	[7, 97]		-73.720882	-41.820882
122	[112]		-73.968221	-41.258221
125	[114, 56]		-77.647711	-44.937711
124	[65, 56]		-80.154470	-47.444470
126	[57, 116]		-75.283393	-42.573393
127	[92, 101]		-78.208767	-45.498767
128	[7]		-78.585224	-45.875224
129	[100]		-72.281860	-39.571860
131	[101]		-77.999428	-45.289428
130	[124]		-78.942261	-46.232261
132	[65]		-79.063998	-46.353998
133	[82]		-67.401942	-38.091942
135	[54]		-72.584400	-43.274400
134	[84, 65]		-71.767345	-39.057345
137	[23]		-77.377214	-44.667214
136	[131]		-76.589870	-43.879870
139	[97, 109]		-72.736562	-43.426562
138	[112]		-74.458162	-41.748162
140	[124]		-73.566651	-40.856651
141	[97, 15]		-73.775384	-44.465384
143	[132]		-76.953141	-44.243141
142	[84, 93]		-70.837689	-39.747689
145	[18]		-77.674820	-44.964820
144	[124, 111]		-79.793454	-47.083454
146	[82, 126]		-60.067023	-33.187023
148	[50, 21]		-78.879571	-46.169571
147	[33, 115]		-68.725290	-40.225290
150	[40]		-75.027528	-42.317528
149	[16, 50]		-79.704942	-46.994942
152	[21, 23]		-77.514861	-44.804861
151	[33]		-79.612139	-46.902139
153	[41, 18]		-78.360208	-45.650208
154	[50]		-74.172388	-41.462388
156	[90, 124]		-60.253296	-32.563296
155	[85, 55]		-69.098204	-36.388204
157	[124]		-77.398673	-44.688673
158	[127]		-78.907303	-46.197303
160	[18, 136]		-76.034884	-43.324884
161	[97, 90]		-74.029922	-44.719922
162	[123]		-72.852729	-40.952729
164	[114, 125]		-72.892906	-40.992906
163	[115, 94]		-66.146526	-38.456526
165	[110, 115]		-78.137102	-45.427102
166	[124, 65]		-77.667559	-44.957559
167	[119, 94]		-62.034862	-35.154862
170	[149, 86]		-76.969212	-44.259212
169	[96, 38]		-77.499744	-44.789744
172	[16, 85]		-75.605839	-43.705839
173	[45, 57]		-70.453431	-41.953431
174	[105, 18]		-78.391611	-45.681611
175	[158, 124]		-73.886428	-41.176428
177	[33]		-73.832223	-41.122223
176	[37]		-65.920779	-37.420779
178	[56]		-71.940767	-39.230767
179	[50, 103]		-77.306559	-44.596559
181	[97, 125]		-73.975523	-44.665523
180	[144, 97]		-66.687133	-35.597133
183	[127, 115]		-78.691174	-45.981174
182	[131, 110]		-76.797551	-44.087551
185	[115, 57]		-77.334006	-44.624006
184	[70]		-74.101106	-41.391106
186	[151, 56]		-70.591852	-41.281852
187	[92, 97]		-69.475267	-38.385267
188	[125, 183]		-77.473797	-44.763797
190	[75, 6]		-71.362345	-40.272345
192	[111, 148]		-70.248408	-39.158408
189	[99, 116]		-76.349211	-44.449211
193	[16, 43]		-75.558940	-42.848940
191	[144]		-73.525542	-40.815542
196	[118]		-78.668111	-45.958111
195	[66]		-71.461954	-42.151954
197	[65, 16]		-79.958777	-47.248777
198	[97, 173]		-73.178934	-43.868934
199	[37, 30]		-72.899101	-40.999101
200	[89, 93]		-79.766503	-47.056503
201	[18, 118]		-68.475249	-39.975249
202	[128]		-73.562027	-40.852027
203	[18, 101]		-76.152370	-43.442370
204	[196, 124]		-78.359780	-45.649780
205	[200]		-75.600349	-42.890349
206	[196, 151]		-77.503147	-44.793147
207	[197]		-78.957714	-46.247714
208	[200]		-78.385163	-45.675163
209	[108, 144]		-78.388206	-45.678206
210	[124, 33]		-69.441022	-40.941022
211	[197, 85]		-74.955871	-42.245871
212	[124]		-77.988361	-45.278361
