id	inheritance		total energy	Obj_0		Obj_1

1	random		-755.953790	88.368924	38.5443
10	random		-769.182430	85.113975	38.9004
5	random		-755.238900	79.110122	39.551
15	random		-765.139560	79.183154	40.8156
3	random		-783.203540	74.836148	41.2282
4	random		-777.809310	70.256686	41.3971
2	random		-777.356920	76.939485	40.7942
20	random		-768.437780	79.628216	39.9199
6	random		-775.837330	72.228666	40.1534
7	random		-754.999980	83.092324	40.5545
21	random		-781.824700	72.471705	40.3648
19	random		-775.440980	72.625016	40.389
18	random		-760.178930	74.170092	38.7459
8	random		-780.921080	73.375325	40.0642
24	random		-769.653300	74.669414	40.569
28	random		-766.928520	71.163784	38.9608
22	random		-759.072560	98.967128	39.4173
23	random		-770.454640	73.868074	40.439
17	random		-784.784610	73.255078	39.1583
26	random		-768.689560	69.402744	40.5145
16	random		-774.034830	74.031166	38.2792
27	random		-775.443280	72.622716	41.1053
30	random		-786.477720	71.561968	40.3049
11	random		-775.287000	79.009405	40.7195
33	[4, 6]		-761.418460	72.930562	41.2398
38	[5, 20]		-777.331490	70.734506	41.2041
36	[1]		-754.825120	79.523902	39.5744
32	random		-775.628840	72.437156	40.5227
29	random		-776.982310	77.314095	40.8783
35	[6, 20]		-751.738180	82.610842	40.639
42	[6, 5]		-767.889520	70.202784	41.2197
40	[19]		-786.400570	71.639118	41.0497
37	[1]		-760.152720	74.196302	41.0088
50	[30, 4]		-766.690210	71.402094	40.2578
41	[19]		-773.702580	74.363416	40.2238
34	[10, 4]		-768.858750	75.463964	40.9382
39	[19, 15]		-771.393510	72.929204	39.4295
31	random		-775.850390	72.215606	39.8113
43	[28]		-781.078490	73.217915	39.1982
49	[30, 28]		-770.075270	74.247444	40.2915
47	[10, 19]		-769.393270	74.929444	39.277
55	[18]		-762.081260	72.267762	40.2103
51	[11]		-770.343130	73.979584	40.7285
59	[29, 24]		-785.130930	72.908758	40.9166
57	[29]		-761.062240	73.286782	39.899
44	[21]		-744.992370	109.304035	38.899
54	[28]		-768.740540	69.351764	40.2596
48	[16, 19]		-769.982580	74.340134	39.6106
58	[23, 16]		-760.977580	73.371442	40.4925
46	[18, 27]		-773.124780	71.197934	40.5679
56	[11]		-771.221890	73.100824	39.5927
60	[32, 24]		-778.365550	75.930855	40.5131
62	[38]		-777.523760	70.542236	40.5237
53	[11, 16]		-781.887030	72.409375	41.2406
61	[30, 17]		-759.179050	95.117355	40.0065
66	[23, 41]		-771.744540	72.578174	39.8497
67	[6, 50]		-784.575050	73.464638	40.2788
70	[59, 40]		-768.760550	75.562164	40.7898
64	[8]		-779.418670	74.877735	39.4577
83	[18]		-748.742220	85.606802	38.3612
78	[43]		-765.226710	79.096004	40.3284
72	[59]		-787.439380	70.600308	40.2288
69	[18, 16]		-771.804640	72.518074	40.1547
77	[39, 50]		-759.681340	74.667682	40.244
74	[28]		-781.459950	72.836455	40.4417
71	[31, 27]		-768.966350	79.099646	38.7761
76	[21, 18]		-749.933480	104.362925	39.3792
82	[4]		-775.105430	72.960566	40.1941
79	[30, 50]		-776.461690	71.604306	41.328
84	[30, 26]		-768.340100	69.752204	41.1987
90	[28]		-759.920420	84.402294	39.1296
88	[16, 56]		-751.248210	86.844094	40.503
89	[42, 6]		-766.158570	71.933734	40.0041
87	[54]		-768.324370	79.741626	38.911
93	[31, 66]		-763.654100	70.694922	40.5091
99	[28]		-766.369490	71.722814	40.6223
98	[40, 31]		-766.249770	71.842534	40.4846
85	[4]		-763.137850	84.928146	38.4976
102	[18, 28]		-771.378890	72.943824	38.7142
96	[31]		-778.786580	69.279416	39.3357
92	[30]		-771.107510	73.215204	39.9802
94	[46]		-767.691800	70.400504	39.6462
103	[28, 39]		-773.798620	74.267376	40.6577
107	[39]		-772.364710	81.931695	40.1986
108	[46]		-766.181880	71.910424	39.8075
101	[39, 46]		-764.238480	70.110542	39.9797
104	[18, 38]		-745.371160	112.668528	37.4833
106	[28, 18]		-783.731970	74.307718	40.3583
100	[17, 30]		-775.555770	72.510226	39.9515
119	[18]		-757.699600	96.596805	38.6738
113	[54]		-769.442600	74.880114	39.9973
123	[28]		-759.902720	74.446302	38.6959
109	[72]		-767.484090	80.581906	38.2103
112	[72]		-777.235100	77.061305	40.283
114	[56]		-759.798440	74.550582	38.5028
111	[28]		-779.020620	69.045376	39.2528
116	[17]		-784.595800	73.443888	40.8821
117	[96]		-775.365540	72.700456	40.1569
121	[54, 39]		-773.580330	74.485666	37.64
115	[56]		-749.822330	84.526692	40.095
127	[96, 66]		-771.960910	72.361804	40.1094
118	[39]		-772.225360	72.097354	39.7735
110	[69]		-783.971200	74.068488	40.8711
120	[92, 39]		-782.304740	75.734948	38.7578
122	[108]		-776.430580	71.635416	40.6737
125	[96, 64]		-769.973890	74.348824	40.7256
134	[114]		-784.530240	73.509448	39.8485
131	[18, 100]		-766.497820	71.594484	41.187
129	[96, 72]		-774.800700	73.265296	39.4441
124	[1]		-774.771690	73.294306	38.7494
128	[16, 18]		-779.054070	75.242335	40.6299
132	[31]		-763.358470	80.964244	40.0651
136	[114]		-767.886870	70.205434	40.4526
138	[123]		-770.593880	77.472116	39.6922
133	[85]		-775.560420	68.762294	40.206
135	[104]		-780.315530	77.724158	40.388
137	[1]		-772.880490	85.159198	39.4529
