id		inheritance		total energy	Obj_0

1	random		-64.234183	-36.544183
3	random		-60.334806	-32.644806
2	random		-62.945076	-35.255076
4	random		-63.778618	-33.498618
6	random		-68.987964	-40.487964
5	random		-72.786160	-43.476160
7	random		-77.360361	-44.650361
8	random		-69.280057	-38.190057
9	random		-77.588029	-44.878029
10	random		-80.106888	-47.396888
11	random		-70.403791	-37.693791
12	random		-70.841951	-39.751951
14	[9]		-77.995843	-45.285843
13	random		-73.319860	-41.419860
15	[7]		-77.360361	-44.650361
16	[10]		-80.610360	-47.900360
17	[11, 12]		-78.304922	-45.594922
18	[10]		-80.106888	-47.396888
19	[9]		-77.588029	-44.878029
20	[11, 15]		-69.565201	-41.065201
21	[7, 10]		-73.945539	-41.235539
22	[15, 16]		-77.996129	-45.286129
24	[17]		-78.455918	-45.745918
26	[5]		-73.171575	-43.861575
27	[17]		-78.307814	-45.597814
28	[17]		-78.307802	-45.597802
29	[24]		-78.455918	-45.745918
30	[18, 10]		-74.598151	-42.698151
31	[16]		-81.032983	-48.322983
33	[15, 29]		-69.607109	-41.107109
32	[14]		-77.995539	-45.285539
34	[17, 27]		-70.369700	-39.279700
35	[14]		-77.995843	-45.285843
36	[10]		-80.100940	-47.390940
37	[31]		-81.577981	-48.867981
38	[10]		-80.509483	-47.799483
40	[22, 31]		-79.668603	-46.958603
39	[31]		-81.030974	-48.320974
42	[32, 26]		-64.120144	-34.810144
41	[24, 31]		-72.852778	-40.952778
43	[10]		-80.591314	-47.881314
44	[19, 5]		-78.357805	-45.647805
46	[31, 38]		-70.312034	-41.812034
45	[27, 37]		-79.973861	-47.263861
47	[22]		-77.996162	-45.286162
48	[39, 24]		-73.607093	-40.897093
50	[35, 36]		-78.983449	-46.273449
49	[5, 32]		-69.379448	-38.289448
51	[31, 15]		-73.567347	-41.667347
52	[38]		-80.610360	-47.900360
53	[19, 31]		-78.912787	-46.202787
54	[39]		-81.021083	-48.311083
56	[37]		-82.004502	-49.294502
57	[38, 28]		-59.867565	-32.987565
55	[22, 19]		-65.487236	-37.797236
58	[10, 17]		-78.252104	-45.542104
59	[24]		-78.442516	-45.732516
60	[36, 38]		-75.264017	-43.364017
61	[19, 38]		-79.501259	-46.791259
62	[54, 19]		-76.242491	-43.532491
64	[16]		-80.610360	-47.900360
63	[40]		-81.636585	-48.926585
65	[38]		-80.610360	-47.900360
66	[43, 36]		-70.378794	-41.878794
67	[44, 43]		-78.817448	-46.107448
68	[50, 24]		-78.095751	-45.385751
69	[22, 38]		-76.904666	-44.194666
71	[56, 58]		-70.000639	-38.910639
70	[43, 65]		-71.547523	-40.457523
72	[37]		-82.004502	-49.294502
74	[28, 27]		-72.085047	-40.995047
73	[64, 31]		-61.516859	-34.636859
75	[43]		-80.610360	-47.900360
76	[53, 44]		-78.551034	-45.841034
77	[65, 40]		-80.250054	-47.540054
79	[58, 52]		-65.482622	-37.792622
78	[37]		-82.004502	-49.294502
80	[28]		-78.307814	-45.597814
82	[10, 22]		-77.432193	-44.722193
83	[64]		-81.065424	-48.355424
81	[56]		-82.004502	-49.294502
84	[75, 17]		-80.245699	-47.535699
85	[24]		-78.460070	-45.750070
86	[10, 74]		-66.971065	-39.281065
88	[17]		-78.307801	-45.597801
87	[82, 45]		-63.658211	-35.968211
90	[61, 75]		-75.975140	-44.075140
89	[18, 52]		-70.028206	-41.528206
93	[52, 78]		-74.437439	-42.537439
91	[16, 40]		-77.466174	-44.756174
92	[59, 72]		-71.963941	-40.873941
94	[78, 76]		-68.170611	-39.670611
95	[50]		-78.989660	-46.279660
96	[31]		-81.033154	-48.323154
98	[68]		-78.095751	-45.385751
97	[65, 54]		-79.284004	-46.574004
99	[36]		-80.430219	-47.720219
100	[31, 77]		-65.005667	-37.315667
101	[72]		-82.004502	-49.294502
102	[17, 31]		-74.057923	-44.747923
104	[14, 28]		-79.020774	-46.310774
103	[31]		-81.030145	-48.320145
105	[15, 26]		-69.746715	-41.246715
