19.02735562310031  83.79341272609491
19.700000000000028  82.18550474547033
19.80000000000003  82.18550474547033
19.900000000000034  80.96203623813636
20.000000000000036  80.96203623813636
20.100000000000037  79.1268334771355
20.20000000000004  79.12683347713556
20.30000000000004  73.62122519413293
20.40000000000004  73.62122519413299
20.500000000000043  77.29163071613465
20.600000000000044  77.29163071613465
20.700000000000045  76.6798964624677
20.800000000000047  78.51509922346861
20.90000000000005  78.51509922346861
21.000000000000046  76.06816220880074
21.100000000000048  76.0681622088008
21.20000000000005  77.9033649698016
21.30000000000005  77.90336496980154
21.400000000000052  77.90336496980166
21.500000000000053  77.9033649698016
21.600000000000055  73.00949094046604
21.700000000000056  77.9033649698016
21.80000000000006  77.9033649698016
21.900000000000063  71.17428817946501
22.000000000000064  71.17428817946507
22.100000000000065  77.90336496980166
22.200000000000067  77.9033649698016
22.300000000000068  69.95081967213116
22.40000000000007  69.9508196721311
22.50000000000007  71.78602243313208
22.600000000000072  62.61000862812773
22.700000000000074  62.61000862812767
22.800000000000075  61.998274374460834
22.900000000000073  61.99827437446078
23.000000000000075  60.77480586712687
23.100000000000076  60.77480586712693
23.200000000000077  60.16307161345998
23.30000000000008  60.16307161345998
23.40000000000008  68.11561691113025
23.40000000000008  52.21052631578954
23.50000000000008  68.1156169111303
23.50000000000008  52.21052631578954
23.600000000000083  64.44521138912853
23.600000000000083  48.54012079378771
23.700000000000085  57.104400345125214
23.80000000000009  57.104400345125214
23.90000000000009  56.49266609145826
24.000000000000092  56.492666091458204
24.100000000000094  52.82226056945649
24.200000000000095  52.82226056945649
24.300000000000097  54.657463330457404
24.400000000000098  54.657463330457404
24.5000000000001  53.43399482312344
24.6000000000001  52.82226056945649
24.700000000000102  52.82226056945649
24.800000000000104  63.221742881794626
24.9000000000001  63.22174288179468
25.000000000000103  52.21052631578954
25.100000000000104  52.21052631578959
25.200000000000106  51.598792062122584
25.300000000000107  51.59879206212253
25.40000000000011  52.822260569456546
25.50000000000011  52.82226056945649
25.60000000000011  54.04572907679045
25.700000000000113  41.81104400345123
25.800000000000118  41.811044003451286
25.90000000000012  50.98705780845552
26.00000000000012  50.987057808455575
26.100000000000122  51.59879206212264
26.200000000000124  51.598792062122584
26.300000000000125  47.31665228645386
26.400000000000126  47.3166522864538
26.500000000000124  44.25798101811904
26.600000000000133  38.75237273511658
26.700000000000127  38.75237273511652
26.800000000000136  49.76358930112167
26.900000000000123  49.76358930112161
27.00000000000014  47.31665228645386
27.100000000000126  47.3166522864538
27.20000000000014  43.646246764452144
27.300000000000136  43.646246764452144
27.400000000000144  50.987057808455575
27.400000000000144  33.8584987057809
27.50000000000014  39.975841242450485
27.600000000000147  39.97584124245043
27.70000000000014  39.97584124245043
27.80000000000015  39.975841242450485
27.900000000000144  39.975841242450485
28.000000000000153  39.975841242450485
28.100000000000147  43.034512510785135
28.20000000000015  43.034512510785135
28.30000000000015  43.03451251078519
28.40000000000016  43.03451251078519
28.500000000000153  39.975841242450485
28.60000000000016  35.69370146678182
28.700000000000156  35.69370146678176
28.800000000000164  34.4702329594478
28.90000000000015  34.47023295944791
29.000000000000167  37.528904227782675
29.10000000000016  37.528904227782675
29.20000000000017  35.69370146678176
29.300000000000164  35.69370146678182
29.400000000000173  33.24676445211395
29.500000000000167  35.081967213114865
29.600000000000176  35.081967213114865
29.70000000000017  34.470232959447856
29.80000000000018  34.47023295944791
29.900000000000173  32.023295944780045
30.000000000000174  32.023295944780045
30.100000000000176  32.0232959447801
30.200000000000177  32.023295944780045
30.30000000000018  31.411561691113093
30.400000000000187  31.411561691113093
30.50000000000018  33.24676445211395
30.60000000000019  28.96462467644517
30.700000000000184  28.964624676445226
30.800000000000193  28.352890422778273
30.90000000000018  28.352890422778216
31.000000000000195  30.79982743744614
31.10000000000019  30.79982743744614
31.2000000000002  27.74115616911132
31.300000000000193  27.74115616911132
31.4000000000002  27.74115616911132
31.500000000000195  30.79982743744614
31.600000000000204  30.79982743744614
31.7000000000002  30.79982743744614
31.800000000000207  30.799827437446197
31.9000000000002  30.188093183779245
32.0000000000002  30.188093183779188
32.10000000000021  30.188093183779188
32.2000000000002  30.188093183779188
32.30000000000021  29.57635893011212
32.40000000000022  27.741156169111377
32.50000000000021  27.74115616911132
32.60000000000022  32.635030198447055
32.7000000000002  32.635030198447
32.800000000000225  32.02329594477999
32.900000000000205  32.023295944780045
33.00000000000023  26.517687661777416
33.10000000000022  26.517687661777416
33.20000000000023  25.905953408110463
33.300000000000225  25.905953408110463
33.40000000000023  28.964624676445226
33.50000000000023  27.741156169111264
33.600000000000236  27.74115616911132
33.70000000000023  25.905953408110463
33.80000000000024  25.905953408110463
33.90000000000023  24.07075064710955
34.00000000000023  24.070750647109605
34.100000000000236  26.51768766177736
34.20000000000023  26.517687661777416
34.30000000000024  25.905953408110463
34.40000000000025  27.12942191544431
34.50000000000024  27.129421915444368
34.60000000000025  28.352890422778216
34.70000000000023  28.35289042277833
34.80000000000025  27.74115616911132
34.90000000000023  27.74115616911132
35.000000000000256  27.74115616911132
35.10000000000025  27.741156169111264
35.20000000000026  26.517687661777416
35.30000000000025  23.459016393442653
35.40000000000026  23.459016393442653
35.500000000000256  25.29421915444351
35.600000000000264  25.294219154443454
35.70000000000026  24.070750647109605
35.80000000000027  24.07075064710955
35.90000000000026  26.517687661777472
36.000000000000256  26.517687661777416
36.100000000000264  27.129421915444368
36.20000000000026  27.129421915444368
36.30000000000027  22.847282139775643
36.400000000000276  22.847282139775643
36.50000000000027  22.8472821397757
36.60000000000028  22.8472821397757
36.70000000000026  22.8472821397757
36.80000000000028  22.235547886108748
36.90000000000026  22.23554788610869
37.000000000000284  25.294219154443454
37.10000000000028  25.29421915444351
37.20000000000029  22.8472821397757
37.30000000000028  22.8472821397757
37.40000000000029  22.847282139775643
37.500000000000284  25.294219154443454
37.60000000000029  25.29421915444351
37.70000000000029  24.070750647109605
37.80000000000028  24.070750647109605
37.90000000000029  24.07075064710955
38.000000000000284  24.070750647109605
38.10000000000029  24.6824849007765
38.20000000000029  24.682484900776558
38.300000000000296  22.235547886108748
38.400000000000304  22.847282139775643
38.500000000000284  22.8472821397757
38.60000000000031  19.788610871440937
38.70000000000029  19.788610871440994
38.80000000000031  22.235547886108748
38.90000000000029  22.23554788610869
39.00000000000031  24.070750647109605
39.10000000000031  24.07075064710955
39.200000000000315  22.8472821397757
39.30000000000031  22.23554788610869
39.40000000000032  22.235547886108748
39.50000000000031  24.070750647109605
39.60000000000032  24.07075064710955
39.700000000000315  24.070750647109605
39.80000000000031  24.07075064710955
39.90000000000032  21.62381363244174
40.00000000000031  21.623813632441795
40.10000000000032  22.8472821397757
40.200000000000315  21.012079378774843
40.300000000000324  21.012079378774786
40.40000000000033  18.565142364107032
40.50000000000031  18.56514236410709
40.600000000000335  24.070750647109605
40.700000000000315  24.070750647109605
40.80000000000034  23.459016393442653
40.90000000000032  24.6824849007765
41.00000000000033  24.6824849007765
41.10000000000032  24.682484900776558
41.20000000000033  24.682484900776558
41.300000000000324  28.352890422778273
41.40000000000035  28.352890422778273
41.50000000000033  24.070750647109605
41.60000000000035  24.07075064710955
41.70000000000033  24.070750647109605
41.80000000000035  24.070750647109605
41.90000000000033  28.352890422778273
42.000000000000355  28.352890422778273
42.10000000000035  27.741156169111264
42.20000000000036  27.74115616911132
42.30000000000035  27.74115616911132
42.40000000000036  30.188093183779188
42.500000000000355  30.188093183779188
42.600000000000364  32.023295944780045
42.70000000000036  32.023295944780045
42.80000000000037  33.8584987057809
42.90000000000036  33.8584987057809
43.00000000000037  41.19930974978439
43.100000000000364  41.199309749784334
43.20000000000037  43.646246764452144
43.34346504559271  52.32448054212966
43.34346504559271  58.062185460162425
43.46504559270517  64.6220539139967
43.58662613981764  130.1983158104539
43.7082066869301  303.9712990183865
43.900000000000375  364.1949956859362
43.900000000000375  323.8205349439172
43.951367781155014  389.22218346703863
44.00000000000037  364.1949956859362
44.00000000000037  323.8205349439172
44.19452887537993  219.5550351288056
44.3161094224924  110.54113309083664
44.43768996960486  67.92067367581842
44.55927051671732  49.070706064078934
44.60000000000038  44.86971527178605
44.70000000000037  44.86971527178605
44.80000000000038  34.47023295944791
44.900000000000375  34.470232959447856
45.000000000000384  30.799827437446083
45.10000000000038  28.352890422778216
45.2000000000004  28.352890422778273
45.30000000000038  22.8472821397757
45.400000000000404  22.847282139775643
45.500000000000384  22.8472821397757
45.600000000000406  22.847282139775643
45.70000000000039  24.07075064710955
45.80000000000041  24.070750647109605
45.90000000000039  22.235547886108748
46.00000000000041  22.235547886108748
46.100000000000406  19.176876617773985
46.200000000000415  21.623813632441795
46.30000000000041  21.62381363244174
46.40000000000042  23.459016393442653
46.50000000000041  23.459016393442653
46.60000000000042  21.62381363244174
46.700000000000415  21.623813632441795
46.80000000000042  20.40034512510789
46.90000000000042  20.400345125108004
47.000000000000426  23.459016393442653
47.10000000000042  21.62381363244174
47.20000000000043  21.623813632441795
47.30000000000042  20.40034512510789
47.40000000000043  20.400345125107947
47.500000000000426  20.400345125107947
47.60000000000042  20.400345125107947
47.70000000000043  21.623813632441795
47.80000000000042  21.62381363244174
47.90000000000043  21.012079378774786
48.000000000000426  21.012079378774786
48.100000000000435  16.11820534943928
48.20000000000043  18.56514236410709
48.30000000000042  18.56514236410709
48.40000000000043  19.788610871440994
48.500000000000426  19.788610871440937
48.600000000000435  18.565142364107032
48.70000000000043  18.56514236410709
48.80000000000044  17.953408110440137
48.90000000000043  17.953408110440137
49.00000000000044  19.788610871440937
49.100000000000435  19.788610871440937
49.20000000000046  19.788610871440937
49.30000000000044  19.788610871440994
49.40000000000046  19.788610871440994
49.50000000000044  21.012079378774843
49.60000000000046  21.012079378774786
49.70000000000044  21.012079378774786
49.800000000000466  21.012079378774843
49.90000000000046  21.012079378774843
50.00000000000047  17.341673856773184
50.10000000000046  17.341673856773127
50.20000000000047  16.72993960310623
50.300000000000466  16.729939603106175
50.400000000000475  18.56514236410709
50.50000000000047  18.56514236410709
50.60000000000048  19.788610871440937
50.70000000000047  19.788610871440994
50.80000000000048  19.788610871440937
50.900000000000475  19.788610871440994
51.00000000000048  20.400345125107947
51.10000000000048  19.176876617773985
51.200000000000486  19.17687661777404
51.30000000000048  21.012079378774786
51.400000000000475  21.012079378774786
51.50000000000048  22.23554788610869
51.60000000000048  22.235547886108748
51.700000000000486  18.56514236410709
51.80000000000048  18.565142364107032
51.90000000000049  18.56514236410709
52.00000000000048  19.788610871440937
52.10000000000048  19.788610871440937
52.200000000000486  21.012079378774843
52.30000000000048  21.012079378774843
52.40000000000049  20.400345125107947
52.50000000000048  20.40034512510789
52.60000000000049  21.62381363244174
52.700000000000486  21.62381363244174
52.800000000000495  18.56514236410709
52.90000000000049  18.56514236410709
53.0000000000005  17.341673856773184
53.10000000000049  18.565142364107032
53.200000000000514  18.565142364107032
53.300000000000495  17.953408110440137
53.40000000000052  17.953408110440137
53.5000000000005  20.400345125107947
53.60000000000052  20.400345125107947
53.7000000000005  19.788610871440994
53.80000000000052  19.788610871440937
53.90000000000052  17.953408110440137
54.000000000000526  17.953408110440137
54.10000000000052  17.95340811044008
54.20000000000053  16.72993960310623
54.30000000000052  16.729939603106175
54.40000000000053  14.894736842105317
54.500000000000526  14.894736842105374
54.600000000000534  17.341673856773127
54.70000000000053  17.341673856773184
54.80000000000054  17.95340811044008
54.90000000000053  15.50647109577227
55.00000000000054  15.50647109577227
55.100000000000534  14.894736842105317
55.20000000000054  14.894736842105374
55.30000000000054  12.447799827437507
55.40000000000053  12.447799827437507
55.50000000000054  14.283002588438364
55.600000000000534  14.283002588438364
55.70000000000054  16.72993960310623
55.80000000000054  16.729939603106175
55.900000000000546  16.11820534943928
56.00000000000054  15.50647109577227
56.100000000000534  15.50647109577227
56.20000000000054  16.72993960310623
56.30000000000054  16.72993960310623
56.400000000000546  16.72993960310623
56.50000000000054  16.729939603106175
56.60000000000055  14.283002588438364
56.70000000000054  14.283002588438364
56.80000000000055  13.059534081104516
56.900000000000546  15.506471095772326
57.000000000000554  15.506471095772326
57.10000000000055  17.341673856773127
57.20000000000057  17.341673856773127
57.30000000000055  17.95340811044008
57.400000000000574  17.953408110440137
57.500000000000554  14.894736842105374
57.60000000000058  14.894736842105317
57.70000000000056  17.953408110440137
57.80000000000058  17.95340811044008
57.900000000000574  17.341673856773127
58.00000000000058  15.506471095772326
58.10000000000058  15.50647109577227
58.40000000000059  13.05953408110446
58.50000000000058  13.05953408110446
58.60000000000059  14.283002588438364
58.700000000000585  14.283002588438421
58.800000000000594  14.894736842105317
58.90000000000059  11.836065573770554
59.0000000000006  11.836065573770554
59.10000000000059  12.447799827437564
59.2000000000006  12.447799827437564
59.300000000000594  14.283002588438364
59.4000000000006  14.283002588438421
59.5000000000006  13.05953408110446
59.600000000000605  13.05953408110446
59.7000000000006  16.72993960310623
59.80000000000061  14.894736842105374
59.9000000000006  14.894736842105374
60.00000000000061  15.50647109577227
60.100000000000605  15.50647109577227
60.200000000000614  14.894736842105317
60.30000000000061  14.894736842105374
60.40000000000062  14.283002588438421
60.50000000000061  14.283002588438421
60.600000000000605  14.894736842105317
60.700000000000614  14.894736842105317
60.80000000000061  13.05953408110446
60.90000000000062  11.836065573770611
61.000000000000625  11.836065573770611
61.10000000000062  14.283002588438364
61.20000000000063  14.283002588438421
61.30000000000061  15.50647109577227
61.40000000000063  15.50647109577227
61.50000000000061  13.059534081104516
61.600000000000634  13.05953408110446
61.700000000000614  13.059534081104516
61.80000000000064  13.05953408110446
61.90000000000063  13.059534081104403
62.00000000000064  13.05953408110446
62.100000000000634  13.05953408110446
62.20000000000064  13.671268334771469
62.30000000000064  13.671268334771412
62.400000000000645  17.953408110440137
62.50000000000064  17.95340811044008
62.60000000000065  11.224331320103602
62.70000000000064  11.224331320103659
62.80000000000065  11.224331320103602
62.900000000000645  11.836065573770554
63.000000000000654  11.836065573770554
63.10000000000065  13.05953408110446
63.20000000000066  13.059534081104516
63.30000000000065  12.447799827437507
63.40000000000066  12.447799827437564
63.500000000000654  12.447799827437507
63.60000000000066  12.447799827437507
63.70000000000066  13.05953408110446
63.800000000000665  14.283002588438421
63.90000000000066  14.283002588438421
64.00000000000065  14.283002588438364
64.10000000000065  14.283002588438364
64.20000000000064  13.671268334771412
64.30000000000062  13.671268334771412
64.40000000000063  13.671268334771469
64.50000000000063  13.671268334771469
64.60000000000062  13.05953408110446
64.70000000000061  12.447799827437507
64.80000000000061  12.447799827437507
64.90000000000059  10.000862812769753
65.0000000000006  10.000862812769753
65.10000000000059  10.000862812769697
65.20000000000059  10.000862812769753
65.30000000000058  11.836065573770554
65.40000000000057  11.836065573770497
65.50000000000055  11.224331320103659
65.60000000000056  11.224331320103602
65.70000000000056  11.224331320103659
65.80000000000055  12.447799827437507
65.90000000000055  12.447799827437507
66.00000000000054  12.447799827437507
66.10000000000052  12.447799827437507
66.20000000000053  12.447799827437564
66.30000000000052  12.447799827437507
66.40000000000052  12.447799827437564
66.50000000000051  12.447799827437507
66.6000000000005  14.283002588438308
66.70000000000049  13.671268334771469
66.8000000000005  13.671268334771412
66.90000000000049  10.000862812769697
67.00000000000048  10.000862812769697
67.10000000000048  11.224331320103602
67.20000000000047  11.224331320103659
67.30000000000045  11.836065573770554
67.40000000000046  11.836065573770611
67.50000000000045  11.836065573770554
67.60000000000045  11.836065573770554
67.70000000000044  12.447799827437507
67.80000000000044  11.836065573770611
67.90000000000043  11.836065573770611
68.00000000000041  11.836065573770554
68.10000000000042  11.836065573770554
68.20000000000041  12.447799827437507
68.30000000000041  12.447799827437507
68.4000000000004  13.671268334771469
68.5000000000004  13.671268334771412
68.60000000000038  13.671268334771412
68.70000000000039  13.671268334771412
68.80000000000038  13.671268334771412
68.90000000000038  13.05953408110446
69.00000000000037  13.059534081104516
69.10000000000036  10.61259706643665
69.20000000000034  10.61259706643665
69.30000000000035  11.836065573770554
69.40000000000035  11.836065573770554
69.50000000000034  13.671268334771469
69.60000000000034  12.447799827437564
69.70000000000033  12.447799827437564
69.80000000000031  12.447799827437507
69.90000000000032  12.447799827437507
70.00000000000031  13.671268334771412
70.1000000000003  13.671268334771469
70.2000000000003  10.612597066436706
70.3000000000003  10.61259706643665
70.40000000000028  11.836065573770611
70.50000000000028  11.836065573770554
70.60000000000028  11.836065573770497
70.70000000000027  11.224331320103659
70.80000000000027  11.224331320103602
70.90000000000026  11.836065573770611
71.00000000000024  11.836065573770554
71.10000000000025  14.283002588438364
71.20000000000024  14.283002588438364
71.30000000000024  13.671268334771412
71.40000000000023  13.671268334771469
71.50000000000023  13.671268334771412
71.60000000000021  12.447799827437507
71.70000000000022  12.447799827437507
71.80000000000021  10.61259706643665
71.9000000000002  10.612597066436706
72.0000000000002  14.283002588438364
72.1000000000002  14.283002588438421
72.20000000000017  14.894736842105317
72.30000000000017  14.894736842105317
72.40000000000018  11.224331320103659
72.50000000000017  11.224331320103602
72.60000000000016  11.836065573770554
72.70000000000016  14.283002588438364
72.80000000000014  14.283002588438364
72.90000000000013  14.283002588438364
73.00000000000014  14.283002588438421
73.10000000000014  12.447799827437564
73.20000000000013  12.447799827437507
73.30000000000013  15.50647109577227
73.40000000000012  15.50647109577227
73.5000000000001  14.894736842105317
73.60000000000011  13.671268334771469
73.7000000000001  13.671268334771469
73.8000000000001  13.05953408110446
73.90000000000009  13.05953408110446
74.00000000000009  13.671268334771412
74.10000000000007  13.671268334771469
74.20000000000007  11.224331320103659
74.30000000000007  11.224331320103602
74.40000000000006  20.40034512510789
74.46808510638299  39.02785390403113
74.50000000000006  21.62381363244174
74.60000000000005  21.62381363244174
74.70000000000003  22.235547886108748
74.80000000000004  22.235547886108748
74.95440729483282  57.89027853904031
74.95440729483282  30.0214260800239
75.19756838905775  77.56739249588918
75.3  82.79723899913728
75.4  82.79723899913728
75.5  58.939603106126015
75.56231003039514  49.70601425083464
75.6  40.58757549611744
75.69999999999999  40.58757549611738
75.79999999999998  42.422778257118125
75.79999999999998  24.6824849007765
75.89999999999996  42.42277825711824
75.89999999999996  24.682484900776558
75.99999999999997  20.400345125107947
76.09999999999997  20.400345125107947
76.19999999999996  19.788610871440937
76.29999999999995  19.788610871440994
76.39999999999995  17.341673856773184
76.49999999999993  16.729939603106175
76.59999999999994  16.72993960310623
76.69999999999993  13.671268334771412
76.79999999999993  13.671268334771412
76.89999999999992  13.671268334771412
76.99999999999991  13.671268334771469
77.0999999999999  14.283002588438421
77.19999999999989  14.283002588438364
77.2999999999999  13.05953408110446
77.39999999999989  13.05953408110446
77.49999999999989  11.836065573770554
77.59999999999988  13.671268334771469
77.69999999999986  13.671268334771412
77.79999999999986  13.671268334771412
77.89999999999986  13.671268334771412
77.99999999999986  10.61259706643665
78.09999999999985  10.612597066436592
78.19999999999985  11.836065573770611
78.29999999999983  11.836065573770554
78.39999999999982  13.671268334771412
78.49999999999983  13.671268334771412
78.59999999999982  13.671268334771412
78.69999999999982  12.447799827437564
78.79999999999981  12.447799827437564
78.8999999999998  13.059534081104516
78.99999999999979  13.05953408110446
79.0999999999998  14.283002588438364
79.19999999999979  14.283002588438364
79.29999999999978  15.506471095772326
79.39999999999978  13.059534081104516
79.49999999999977  13.05953408110446
79.59999999999975  12.447799827437564
79.69999999999976  12.447799827437507
79.79999999999976  13.671268334771355
79.89999999999975  13.671268334771469
79.99999999999974  15.50647109577227
80.09999999999974  15.506471095772326
80.19999999999972  10.61259706643665
80.29999999999973  10.612597066436592
80.39999999999972  11.836065573770611
80.49999999999972  13.05953408110446
80.59999999999971  13.059534081104516
80.6999999999997  17.341673856773127
80.79999999999968  17.341673856773184
80.8999999999997  13.05953408110446
80.99999999999969  13.05953408110446
81.09999999999968  11.836065573770611
81.19999999999968  11.836065573770554
81.29999999999967  10.61259706643665
81.39999999999965  13.671268334771412
81.49999999999964  13.671268334771412
81.59999999999965  13.671268334771469
81.69999999999965  13.671268334771412
81.79999999999964  13.059534081104516
81.89999999999964  13.05953408110446
81.99999999999962  11.836065573770554
82.09999999999961  11.836065573770554
82.19999999999962  11.224331320103659
82.29999999999961  11.224331320103659
82.39999999999961  13.05953408110446
82.4999999999996  14.894736842105317
82.59999999999958  14.894736842105317
82.69999999999958  14.894736842105374
82.79999999999959  14.894736842105374
82.89999999999958  11.224331320103602
82.99999999999957  11.224331320103602
83.09999999999957  12.447799827437507
83.19999999999955  12.447799827437507
83.29999999999954  14.283002588438421
83.39999999999955  13.059534081104516
83.49999999999955  13.05953408110446
83.59999999999954  11.224331320103602
83.69999999999953  11.224331320103602
83.79999999999953  11.836065573770497
83.89999999999951  11.836065573770611
83.99999999999952  11.836065573770554
84.09999999999951  11.836065573770611
84.1999999999995  10.000862812769697
84.2999999999995  11.836065573770497
84.3999999999995  11.836065573770554
84.49999999999947  13.05953408110446
84.59999999999948  13.059534081104516
84.69999999999948  13.671268334771412
84.79999999999947  13.671268334771469
84.89999999999947  12.447799827437507
84.99999999999946  12.447799827437507
85.09999999999944  13.059534081104516
85.19999999999945  13.05953408110446
85.29999999999944  14.283002588438421
85.39999999999944  14.283002588438364
85.49999999999943  14.283002588438364
85.59999999999943  15.506471095772326
85.6999999999994  15.50647109577227
85.79999999999941  10.612597066436706
85.89999999999941  10.61259706643665
85.9999999999994  16.11820534943928
86.0999999999994  16.118205349439222
86.19999999999939  14.894736842105317
86.29999999999937  13.671268334771469
86.39999999999937  13.671268334771412
86.49999999999937  14.894736842105317
86.59999999999937  14.894736842105317
86.69999999999936  14.283002588438364
86.79999999999936  14.283002588438421
86.89999999999934  11.224331320103602
86.99999999999933  11.224331320103602
87.09999999999934  13.05953408110446
87.19999999999933  13.05953408110446
87.29999999999933  14.283002588438421
87.39999999999931  13.059534081104516
87.49999999999932  13.05953408110446
87.5999999999993  13.671268334771412
87.6999999999993  13.671268334771412
87.7999999999993  15.50647109577227
87.89999999999928  15.506471095772326
87.99999999999929  11.836065573770554
88.09999999999927  11.836065573770611
88.19999999999928  12.447799827437507
88.29999999999927  16.729939603106175
88.39999999999925  16.729939603106175
88.49999999999926  14.894736842105374
88.59999999999924  14.894736842105374
88.69999999999925  14.894736842105317
88.79999999999923  14.894736842105317
88.89999999999924  17.341673856773127
88.99999999999923  17.341673856773127
89.09999999999921  16.11820534943928
89.19999999999922  14.894736842105317
89.2999999999992  14.894736842105374
89.39999999999921  15.50647109577227
89.4999999999992  15.50647109577227
89.5999999999992  16.11820534943928
89.69999999999919  16.11820534943928
89.79999999999917  13.059534081104516
89.89999999999918  13.05953408110446
89.99999999999916  13.671268334771412
90.09999999999917  13.671268334771412
90.19999999999916  17.341673856773184
90.29999999999914  16.72993960310623
90.39999999999915  16.729939603106175
90.49999999999913  14.894736842105374
90.59999999999914  14.894736842105317
90.69999999999912  13.671268334771412
90.79999999999913  13.671268334771469
90.89999999999912  17.341673856773127
90.9999999999991  17.341673856773184
91.12462006079028  27.89376650555579
91.3677811550152  41.83317554437184
91.3999999999991  63.22174288179468
91.49999999999908  63.22174288179468
91.59999999999908  55.88093183779125
91.69999999999906  55.88093183779125
91.79999999999907  33.8584987057809
91.89999999999905  33.85849870578096
91.99999999999906  31.41156169111315
91.99999999999906  18.56514236410709
92.09999999999906  31.411561691113093
92.09999999999906  18.565142364107032
92.19999999999904  17.953408110440137
92.29999999999905  16.118205349439222
92.39999999999903  16.118205349439222
92.46200607902735  25.462155563306567
92.49999999999903  16.11820534943928
92.59999999999903  16.11820534943928
92.69999999999901  14.283002588438364
92.79999999999902  14.283002588438364
92.899999999999  13.671268334771412
92.999999999999  13.671268334771412
93.09999999999899  13.059534081104516
93.199999999999  12.447799827437507
93.29999999999899  12.447799827437564
93.39999999999897  13.05953408110446
93.49999999999898  13.05953408110446
93.59999999999896  10.61259706643665
93.69999999999897  10.61259706643665
93.79999999999896  10.612597066436706
93.89999999999894  10.61259706643665
93.99999999999895  14.283002588438421
94.09999999999893  14.283002588438364
94.19999999999894  14.283002588438421
94.29999999999892  13.059534081104516
94.39999999999893  13.05953408110446
94.49999999999892  10.61259706643665
94.5999999999989  10.61259706643665
94.69999999999891  11.224331320103545
94.79999999999889  11.224331320103659
94.8999999999989  13.671268334771412
94.99999999999889  13.671268334771469
95.09999999999889  12.447799827437507
95.19999999999888  10.61259706643665
95.29999999999886  10.61259706643665
95.39999999999887  13.05953408110446
95.49999999999885  13.059534081104516
96.09999999999883  12.447799827437507
96.19999999999881  12.447799827437507
96.29999999999882  10.61259706643665
96.39999999999881  10.61259706643665
96.49999999999879  10.612597066436706
96.5999999999988  10.612597066436706
96.69999999999878  11.836065573770554
96.79999999999879  11.836065573770554
96.89999999999878  13.671268334771412
96.99999999999876  13.671268334771412
97.09999999999877  13.059534081104516
97.19999999999875  12.447799827437507
97.29999999999876  12.447799827437564
97.39999999999874  12.447799827437507
97.49999999999875  12.447799827437507
97.59999999999874  12.447799827437507
97.69999999999872  12.447799827437564
97.79999999999873  13.671268334771469
97.89999999999871  13.671268334771412
97.99999999999872  11.224331320103602
98.09999999999872  10.000862812769697
98.1999999999987  10.000862812769697
98.49999999999869  11.836065573770611
98.59999999999867  11.836065573770554
98.69999999999868  13.059534081104403
98.79999999999868  13.059534081104516
98.89999999999866  13.05953408110446
98.99999999999866  13.059534081104516
99.09999999999864  13.05953408110446
99.19999999999865  13.05953408110446
99.29999999999865  13.05953408110446
99.39999999999863  10.61259706643665
99.49999999999864  10.612597066436706
100.36474164133737  12.509342767452267
