id	inheritance		total energy	Obj_0		Obj_1

1	random		-1574.517600	1526.243900	50.9948
2	random		-1527.423100	1558.846355	51.4208
3	random		-1554.340200	1542.337975	50.9864
4	random		-1569.396200	1528.098640	50.6513
5	random		-1578.024200	1533.146020	50.8213
6	random		-1529.011000	1568.483840	50.688
7	random		-1581.750100	1517.378070	50.9088
8	random		-1553.072700	1530.746760	51.5745
9	random		-1581.823600	1494.037135	50.2561
10	random		-1529.171200	1559.548250	51.2766
11	random		-1565.447400	1531.230775	50.8832
12	random		-1595.684200	1505.077300	51.5499
14	random		-1568.871900	1516.580890	50.8672
13	random		-1575.601900	1498.625505	51.127
16	random		-1568.771800	1528.723040	50.8776
15	random		-1598.679500	1489.223285	51.1298
19	random		-1537.018600	1571.701625	51.3834
17	random		-1610.763600	1502.856615	51.0411
20	random		-1581.070700	1493.973370	50.3362
18	random		-1546.858500	1565.128385	51.2859
21	random		-1581.430700	1504.022090	50.9276
23	random		-1595.764300	1492.138485	50.7435
22	random		-1579.523400	1494.704005	50.9762
24	random		-1575.428000	1533.292225	51.1185
25	[9]		-1563.005100	1511.222305	50.7865
27	[7]		-1572.906100	1514.996685	50.8157
26	[12]		-1569.742800	1527.752040	50.5485
28	[20]		-1568.033400	1530.278105	50.4485
29	[13]		-1558.037200	1514.556875	50.8044
30	[12, 1]		-1555.376500	1541.301675	51.2025
31	[14]		-1592.203500	1508.558000	51.1168
33	[21]		-1581.362400	1518.582435	51.296
32	[26]		-1571.511600	1527.616570	50.7871
35	[27, 17]		-1550.049400	1534.586725	50.6499
34	[24]		-1588.259500	1513.318665	50.919
36	[9]		-1585.041900	1502.860885	50.5895
37	[22]		-1588.192800	1500.526650	51.308
38	[22]		-1589.453300	1512.124865	51.2663
40	[16]		-1557.006800	1538.854710	50.9763
39	[31, 4]		-1568.023800	1531.104370	50.9445
41	[15]		-1577.545500	1519.949340	51.2839
42	[20]		-1579.216900	1507.869220	50.5302
43	[23, 22]		-1578.026300	1510.693150	51.3016
44	[20]		-1575.144200	1511.125255	50.8
46	[21]		-1569.951000	1539.585890	51.3815
45	[21]		-1580.324400	1508.395050	51.1118
48	[9]		-1600.050200	1513.570015	51.4379
49	[25]		-1550.623800	1535.645655	50.6025
47	[9]		-1580.078500	1496.598900	50.892
50	[9]		-1565.674200	1543.862690	51.1654
51	[44]		-1566.686900	1531.624605	51.1951
52	[42, 9]		-1561.644500	1525.441620	50.5851
53	[36]		-1576.559000	1510.527120	50.7763
54	[9]		-1591.424800	1497.294650	51.0039
56	[36]		-1549.632200	1535.003925	50.4063
55	[22]		-1563.441600	1546.095290	51.0668
58	[37]		-1547.964200	1525.446540	50.8903
57	[34]		-1553.329800	1520.080940	50.5031
59	[53]		-1561.481200	1535.196975	50.8587
60	[17]		-1593.591300	1507.170200	50.4086
61	[20]		-1572.067900	1526.243605	50.3646
62	[34]		-1569.669100	1518.233685	50.6553
63	[47]		-1562.746400	1521.073060	51.3211
64	[43]		-1549.540200	1534.279260	50.7655
